Unnamed: 0;1;2;3;4;5;6;7;8;9
1;0.0;245.12432350333307;473.3585847038544;89.7245469939602;137.26512453923152;126.73063014124672;311.862894545309;301.40777847702986;215.76459659731407
2;245.12432350333307;0.0;697.8002307911241;202.36828285097724;328.1978592567673;348.78465118319923;415.1189442674372;316.7407190551149;433.2717269891415
3;473.3585847038544;697.8002307911241;0.0;495.48806494451486;501.46121605497336;450.6396104376887;391.3496584521473;519.5445304545545;444.5251361970842
4;89.7245469939602;202.36828285097724;495.48806494451486;0.0;225.62816342152408;215.8189782136326;254.7765374308375;217.94070810817743;304.1297232294428
5;137.26512453923152;328.1978592567673;501.46121605497336;225.62816342152408;0.0;50.8983825180099;435.3468256912592;438.2699070987778;107.6557482531131
6;126.73063014124672;348.78465118319923;450.6396104376887;215.8189782136326;50.8983825180099;0.0;401.5063008984676;418.2577685891611;89.4417388938832
7;311.862894545309;415.1189442674372;391.3496584521473;254.7765374308375;435.3468256912592;401.5063008984676;0.0;136.5173738311541;468.7368597124034
8;301.40777847702986;316.7407190551149;519.5445304545545;217.94070810817743;438.2699070987778;418.2577685891611;136.5173738311541;0.0;500.02326116731865
9;215.76459659731407;433.2717269891415;444.5251361970842;304.1297232294428;107.6557482531131;89.4417388938832;468.7368597124034;500.02326116731865;0.0
