Unnamed: 0;1;2;3;4;5;6;7;8;9;10;11;12;13;14;15;16;17;18;19;20;21;22;23;24;25;26;27;28;29;30;31;32;33;34;35;36;37;38;39;40;41;42;43;44;45;46;47;48;49;50;51;52;53;54;55;56;57;58;59;60;61;62;63;64;65;66;67;68;69;70;71;72;73;74;75;76
1;0.0;1.4691859343794311;524.6098637864778;317.7758965490357;531.2150549042686;506.0859231526561;140.2746027152263;104.80398054686742;582.832079422635;889.0385469796175;831.9538690895811;639.0318362559595;670.0375452251668;641.0932794796056;683.4067250888016;760.291500623095;866.307570680179;765.6695293655935;870.0692753846939;782.4027806038488;264.2364991149806;237.90739043069792;693.0552143863246;719.5738966214316;274.92664425426966;234.08970384306696;253.497435180776;554.4897035640407;249.15789478087964;575.1635097608215;547.0221041359671;677.0130118390309;818.196930971053;844.2026643921846;830.9167090516223;938.4241146976012;635.2988310736399;660.7763626607756;725.4120969648488;734.3839766917961;476.47049461550375;709.6139512124117;612.0701884670104;666.2237377679919;620.4266678679046;607.8053375910832;679.3892639016957;665.6492211617341;637.4907146868652;658.4447065137747;704.189636793236;789.2157294268843;917.8696079311546;561.8492848457176;677.8970054330803;540.9638503988992;741.951407722281;756.68102519168;944.829095373903;685.5514743047092;515.4674116428932;815.7036433456371;664.9362990350834;586.0013711726953;670.7518382228824;892.6171268296131;584.8590713514501;634.8203846483477;525.4249930239409;674.7455032344179;682.480767006913;581.144026629821;621.9362728685832;831.3542809772832;936.4624550649188;589.8475100957096
2;1.4691859343794311;0.0;525.9532332883535;317.7577531572454;531.4563631090901;506.4500156373382;141.41062404656506;104.42326744967208;583.3148430024844;890.4314044266266;833.3325159507035;640.210699548733;671.2235962249887;642.3432699775136;684.7478558511629;761.6235330833537;867.6773669809451;766.9928494628471;871.4483982721518;783.7379131899037;264.53116477668937;238.6704089390145;694.3489796636967;720.8538277088845;275.105295256347;234.58661024213592;253.7896345174428;553.7860481559073;249.5680996087571;575.5926067458357;546.2810772358173;677.8629451766926;819.5638792820989;845.5761089811575;832.2793093071715;939.8501344389502;635.5075284706019;661.8902431073802;726.7037564079692;735.6836944535909;477.7007882764741;710.9851409066607;613.3546107775204;667.5785619365532;621.5306360582346;608.9879517223654;680.7445138676725;665.8379909034892;637.8332580554433;659.7199756088994;705.5502709036953;790.5719387247481;919.289893476896;563.2547756238342;679.0825930029578;542.3816078638746;743.2581585884338;757.9969775021979;946.2578574257652;686.8177131763018;516.8974223107424;817.0584058186284;666.1626761814272;587.3907712797082;672.086084767022;894.0376814529443;586.2605263357609;636.2069341573335;526.85456538216;676.0958245404987;683.6486654000466;582.5282329818119;623.243448779944;832.7167559727486;937.8788211832572;591.243582475011
3;524.6098637864778;525.9532332883535;0.0;495.48806494451486;501.46121605497336;450.6396104376887;391.3496584521473;519.5445304545545;444.5251361970842;369.9661638731938;310.2581152100155;172.21760698533788;193.0199976945821;140.78630905336215;158.8116510866813;235.971263727224;343.175070251772;241.9307919753218;348.25372625431424;257.93715095274285;429.77641445548977;356.65816292680773;174.6824901266323;203.7302313171235;450.9054301431766;401.1172028546533;431.3479917008867;794.3629120532711;411.54559893399073;459.86813627801934;799.2622131933113;351.19387358752414;294.86386674298643;321.6150288703837;307.12079190843883;431.4510389298326;570.4525968261395;219.5655670939135;206.73619917002475;213.98700265941827;94.01621765886054;187.47776326579168;101.25691205495949;142.09854529351657;197.5310356428669;148.60706271139722;155.26693966286314;596.7648428306451;525.3132127211301;146.814628210662;180.5165931151041;264.9963084142533;408.319045398629;75.72037822554734;199.6830253473265;82.37839145422312;220.30199284710577;233.7051948644652;439.2948714717557;175.0748169846756;96.83877751417532;291.3819313058708;171.2297076699387;77.70811598897536;146.4115758208536;383.7627899656208;86.54671022889357;119.49744474728014;96.66066895173168;150.30481350146766;211.249354825882;70.14632259350158;102.65474467120217;307.5467315552923;424.7377539330517;85.80460554081273
4;317.7758965490357;317.7577531572454;495.48806494451486;0.0;225.62816342152408;215.8189782136326;254.7765374308375;217.94070810817743;304.1297232294428;848.1445880082061;785.8269480198094;521.0942053371326;550.8695642041214;550.2457523734446;629.5503257243105;693.8515955953181;812.2763437904612;694.3368581038112;821.4920050742978;715.6019082436414;81.80856409928406;171.23956036681193;614.8962938247334;632.3800034473323;58.31237406590834;127.94501669455325;87.97780712356138;311.17725175915103;107.42265281385988;289.2284665588239;312.53107420502783;460.242552985846;766.0228342657838;793.9533757909202;775.2214860045412;920.0561935114952;325.156752758396;517.9096052640905;642.8705327278228;654.6494519622872;407.4374630362095;669.7846819874931;539.9631538625065;621.7937832169592;479.4461089901533;495.5411079656411;633.6566925108859;353.9751970239886;338.67206878981824;576.093414161716;658.7568229062239;733.2106006530312;895.7576933824505;563.5094106471081;557.6513111543799;555.1651321564765;664.7788943231797;682.5388767326415;928.580710789572;596.0901794319443;544.1673382698198;756.7259772280571;561.5995338753133;573.0171257245377;614.7698541490411;872.3163526261479;580.1359540021152;613.208319694286;551.9947230056198;626.8274702263195;555.390779115836;565.5827030275397;558.8669079883782;775.5534138906672;909.99960065907;580.6985083619326
5;531.2150549042686;531.4563631090901;501.46121605497336;225.62816342152408;0.0;50.8983825180099;435.3468256912592;438.2699070987778;107.6557482531131;793.7341554295638;733.1974942345032;449.1280738937221;471.9063055449084;495.3250913341686;590.3315667005563;635.9461517930811;751.2112226737331;632.5714202006717;763.6805537694946;654.7902336048725;267.3111174184105;322.557514547805;558.8767831575603;566.446230754206;256.8489182953656;303.6981128332242;277.99363545237;354.67631195447444;285.22061064366625;84.911384974645;366.708900198529;305.95802569000216;710.8382490982102;737.4402800264444;716.4400773125685;876.5371490071029;104.88273238744829;424.4167633911088;579.1352494545534;591.4848097944325;408.46834283948846;635.423815570732;502.4174862078268;591.0388579044056;396.211468926777;434.25985040785326;600.0517137984284;136.116746495023;113.93059135174956;523.2618988662186;621.6805700169764;678.6558203389204;851.3261426867189;577.150155354986;476.5080250180293;579.289754098131;602.2555518538674;620.0653024516495;885.9868730625998;534.0097664001537;580.4760396289307;697.351695568028;494.10439985140215;574.263428228092;576.2420609491104;831.0565871421767;586.0762107908618;601.0345842722;585.3004193620266;592.6059129833613;468.736121595494;566.3493071920683;524.7238680627777;716.6588701156655;861.3178431999152;583.3248597272628
6;506.0859231526561;506.4500156373382;450.6396104376887;215.8189782136326;50.8983825180099;0.0;401.5063008984676;418.2577685891611;89.4417388938832;747.4069555618618;686.4761398321929;402.7255629347216;426.5701037395912;447.5734113121633;541.8271100895862;589.337969499022;705.44636973825;586.3542200283396;717.6071962230947;608.58160650513;242.53428829049253;286.8482680052198;511.6537123633601;520.3039227237299;236.16638985927352;273.8739395982388;253.26468604830507;390.8837873336692;257.1654592841222;73.42553900034389;401.6067400690596;273.579506398718;664.2874436264027;691.1315202592789;670.2883589252096;829.387322009512;142.88896188647308;380.57385235080966;532.8304611791904;545.1921390853418;357.583403568516;586.7522821077898;453.33458307927873;541.9390131947303;350.5727426705146;386.5922574317724;551.1819970892446;174.38177793025898;131.67432895289085;475.5144657343722;573.1533548323813;631.9062673722009;804.1944445705219;526.3161069134441;431.49725791173125;528.3914803361016;555.9556569854418;573.8587337685865;838.7761137906693;487.2342992493324;529.6523209307175;651.183316854122;447.6075510539202;523.659311867034;527.6187123026453;783.5836800665052;535.3819458764727;550.9607321990022;534.4396844247946;543.7471275744604;424.3959891025573;515.7419565094755;475.5371913146622;670.520173349625;814.6176384389622;532.7027984878035
7;140.2746027152263;141.41062404656506;391.3496584521473;254.7765374308375;435.3468256912592;401.5063008984676;0.0;136.5173738311541;468.7368597124034;759.7252766851318;701.1046743503183;498.98178761018846;530.0640928233352;502.4814098123045;549.4494269629133;625.522271301147;734.4778240144667;630.3139413892808;739.192973735044;647.816629693065;178.6632822019186;115.2820673348324;556.1383320587679;581.9999572912163;198.5622663539976;134.52394510808583;169.6546155446375;545.730182798581;155.18826195256622;464.7585087192031;542.5907618865895;542.8611494584543;686.1811590561745;712.7799391737396;698.468274249258;814.1923403735501;539.9710890164027;520.5404394026509;588.3581235102394;597.7175739796475;337.418363657465;578.2832947723501;474.81401849661154;533.447534381447;480.24018553228416;467.7990261903499;546.614263814034;571.3926126017396;532.2651545759842;520.7338682849978;571.8378768677701;656.2743545981238;792.6101844839567;435.6820108812084;537.9172281687178;417.1565418751729;605.6483260174545;620.8842687296215;821.1348475863664;547.4632388078861;394.5887322669975;682.5895463905263;525.6666785465105;457.3142548876112;536.3060157011877;767.4777409277178;457.89242259123455;505.5152600146463;404.3212376005064;541.5545853391617;542.3311434368841;451.8163515125894;485.8370717320104;698.8935663370504;810.4679476293684;462.054386991974
8;104.80398054686742;104.42326744967208;519.5445304545545;217.94070810817743;438.2699070987778;418.2577685891611;136.5173738311541;0.0;500.02326116731865;889.4419998353617;829.7271289787893;608.8904083159009;640.3623025034175;619.8428161425006;675.5126828081791;750.0206436431224;862.033535214487;753.8962116370938;867.652478303842;772.4554702279344;177.1355886048443;182.44280267448;677.3922606045569;701.5817140537018;182.286829725819;159.97332433683226;166.679612944789;453.12630955207095;168.86011811222775;489.8100215134146;446.5846715553387;615.996991805955;813.7366453905536;840.8209675954506;825.5154743757589;946.9315161119152;540.8109721673774;623.1756519632881;709.0828653443263;719.1797063298768;455.5425231676812;707.0132307710397;596.0630015116146;660.9959776227244;582.2867860068991;578.5274372764667;674.0804131550308;570.4208352155235;548.007201232981;640.4827480297578;699.6030381570127;782.9602675515307;924.870709530814;568.7504143032024;648.0763172122759;551.3487907917628;727.7564273810558;743.7972167550205;954.1162627664798;665.9852660476615;529.8120869368763;808.9546763550029;640.2827290492811;588.8119945826948;661.8206070373267;899.8593933725145;590.418866940431;636.2990047082293;539.4449239936863;668.5903167832822;650.551047664098;582.9156084632126;609.2317858619788;825.9256658308379;942.2809313969432;594.0836100498444
9;582.832079422635;583.3148430024844;444.5251361970842;304.1297232294428;107.6557482531131;89.4417388938832;468.7368597124034;500.02326116731865;0.0;704.7194494212038;645.6907158386451;363.3175972382952;382.56502107693046;413.7190017682579;510.8924504174674;548.6986638932807;660.7990163066371;544.1420982614928;674.0660000301917;566.1795167195395;322.9261817137122;353.63198688355976;474.4160189172747;478.3411211461;319.59577420475784;348.75633939266794;333.4659042026157;461.4879525634123;334.29596887706987;23.54962279254365;473.8893360046462;200.3173150107955;622.9184241167694;648.6390019511268;627.2889326367662;789.7921367084408;128.03871256286678;332.0389493947249;491.4059377228736;503.6093015329028;356.7712174329228;556.3683948011128;427.2064099912187;514.7391692232686;309.0372478796277;353.37051893046424;522.3710912662744;152.46070065394233;81.59343262529205;441.24785998528426;542.0396166150001;591.5650372481538;764.6182154059793;519.3881904221433;386.2371105675082;525.9468778137119;514.3112539994803;531.6977028310646;799.414980322903;448.2554491223976;532.4354425413467;608.356369057196;407.92261178565695;511.4037251794339;497.5424538534108;745.6376607074606;524.6503006035827;531.5922141615024;535.6916205230436;514.9459555197465;376.895137599136;503.65293951908063;449.7870859011548;627.4687643701695;773.1625310898494;520.6362272968365
10;889.0385469796175;890.4314044266266;369.9661638731938;848.1445880082061;793.7341554295638;747.4069555618618;759.7252766851318;889.4419998353617;704.7194494212038;0.0;62.35875356603389;344.7078472407864;322.4670987739777;302.4227916142662;219.08972122997324;158.2195640271528;46.49685640400393;161.16621509544882;31.24640636768516;138.9553858231136;790.8502830650333;724.1242323384565;237.0762747186684;227.2956805870309;810.131763213103;766.8063967079617;793.8137187855175;1127.4099004912778;775.1146913321976;726.407045688999;1135.0714140783589;525.9192216235814;83.38265952958142;56.294083323;77.44936084872138;88.80365322413859;828.8792260089655;372.8259864126824;214.6167565865701;202.2607546216649;444.5586404205305;182.7439568077433;308.1898018446384;229.8942448390904;397.6206440717238;362.2682358977328;217.1497967799525;846.6295105191509;772.2656884538557;274.99757547818217;191.4895160446283;116.21693452759452;65.47361536130421;327.7914793598312;318.5188354218038;350.4136844969598;191.49083580142272;173.67257574853193;98.58583941297668;260.3419443987264;378.7507355446793;96.46386016213482;299.799571715837;303.0850333177331;233.7673899415828;58.712493353962586;304.48190705012314;254.4160644035269;368.8852925452726;223.3760377294174;327.97993037358924;308.17190050845943;289.5773047338565;77.26064524496198;68.94476429322083;299.2318611687705
11;831.9538690895811;833.3325159507035;310.2581152100155;785.8269480198094;733.1974942345032;686.4761398321929;701.1046743503183;829.7271289787893;645.6907158386451;62.35875356603389;0.0;284.0875201189341;263.1285422783636;240.48966505421228;157.10634174819407;97.275564895324;37.27463064437108;101.64790794519212;38.12402504412531;79.8874110300112;728.8733340861163;662.9384051370689;175.30461253770804;167.37583303716127;748.036207304684;705.2872798234089;731.9359242965065;1065.4183455937496;713.3470191563176;667.1055849893918;1072.9880231922948;470.92507087870496;23.02930125901008;14.89383359011292;25.279971654431343;144.1346799810958;770.7049258164295;314.5509823561154;154.39439525421503;142.12767244582955;382.77450843230673;122.84414828346092;245.8640871031089;168.9926546816362;337.5242815476747;300.655787521881;156.0507401252694;789.2048523444864;714.6241418664924;212.93395867707383;130.38845133786313;54.57006877129666;119.0075464698183;272.92870891074915;259.6567607959884;296.84499545233933;131.3993839690694;114.03476372839;153.8002761381183;199.2492360599448;326.3117269964497;40.03712805317665;239.10240297684487;246.419730508172;171.71035981736458;101.85580275833968;249.35262253856047;197.46886737879788;316.64090084631147;162.00706148207254;269.8981755175466;250.92640268524485;227.4236685305769;25.46194890276641;128.14447901350155;243.41686912509425
12;639.0318362559595;640.210699548733;172.21760698533788;521.0942053371326;449.1280738937221;402.7255629347216;498.98178761018846;608.8904083159009;363.3175972382952;344.7078472407864;284.0875201189341;0.0;31.47579431431544;55.26253682496982;151.18657097482497;186.82251533052056;302.904782803514;183.62982957879623;314.89332666294274;205.8568003033108;476.2811214203116;428.25857728493406;111.10629015022435;117.62479634481696;491.95594279814645;462.9405931335161;481.5546828214589;785.6381907730364;465.8619655455572;384.1401093214456;794.0976671840474;209.54340141550472;261.71274024647045;288.42201133204225;267.56550673176366;427.6842050255644;489.92611943676906;50.902874776108646;130.10607929340432;142.4673955913551;166.0147692717076;196.08684127906687;87.19152619192826;160.22559067973995;54.38582438629541;31.33911550949084;164.96307054724207;510.3726932705796;435.56601981697867;80.1920288614388;181.359767877152;229.57112888758425;402.4686046989357;219.3011580580336;39.198909145944654;239.8485567115099;153.23232547704723;171.13658779078546;437.20135175583823;85.1387718931175;263.540402560322;248.4597984681685;44.98702834328871;195.492506598322;139.44900902327933;382.7805454039829;210.9117908625119;192.1798321254;260.37358485668085;157.8807111100272;44.21015141762642;189.9555822817658;105.67323251739836;267.7989673612251;412.1926068568528;203.47529923970905
13;670.0375452251668;671.2235962249887;193.0199976945821;550.8695642041214;471.9063055449084;426.5701037395912;530.0640928233352;640.3623025034175;382.56502107693046;322.4670987739777;263.1285422783636;31.47579431431544;0.0;58.74908907304364;143.0462567125349;166.27442910634912;279.3540918082675;161.5939288699062;292.0778480417064;183.6776032084068;507.1540665205982;459.7173497795664;96.56894398107924;95.8341380915101;522.5827310230874;494.24685458074754;512.5379429024522;811.8683226626116;496.9950790336196;404.0514630692576;820.6586847507564;216.63251530473352;240.35770804599343;266.2622289710326;245.02462910297515;407.2442629440735;507.83002121481934;53.44376703585724;108.9820919236804;121.10619556913817;195.84981233207856;185.92999165444024;98.4806196756927;156.2388252425818;76.06883856246598;62.28514630458309;158.51263774637172;527.0017845111596;452.26183762909193;75.08040831687497;171.10591998709887;209.10173398317195;382.08199651581486;231.95818528221977;7.867489399775665;254.4044363918722;131.77713572119362;149.13803978818797;416.8809559976903;69.17165711437373;280.0998825781627;226.0101637265084;32.53796464009966;205.51056949103216;133.52701088005318;363.443873076112;220.7074212506008;194.6110585991884;276.0015681593989;152.01598032149624;18.70451207613158;200.88351407264605;112.27746126119662;245.2216380320835;390.6955903164063;212.7269217394273
14;641.0932794796056;642.3432699775136;140.78630905336215;550.2457523734446;495.3250913341686;447.5734113121633;502.4814098123045;619.8428161425006;413.7190017682579;302.4227916142662;240.48966505421228;55.26253682496982;58.74908907304364;0.0;97.51734604327892;144.8479613589365;263.436219346021;144.33458541099506;273.91725023104954;165.97055262753744;499.1153558407786;442.84869986466674;65.45055507370607;83.09271868643306;516.5452127254033;481.08440765110765;503.3957860048147;824.9874831878379;486.28265370941386;433.8588643948525;832.6823615023011;264.79975605491137;219.0797894803419;246.6756683871949;226.81396771690484;382.1158572474389;541.1064647799305;104.05515477626004;92.76406943764243;104.41684677548062;165.2131857099278;142.9106674115454;41.06168628880001;105.08526361744234;107.5135642360925;61.071162429856834;110.39406335054224;562.4424392368342;487.719695695773;27.94379501769601;128.42623220790583;186.2059406270704;356.9686365114433;173.54203118753622;63.5192819376236;196.53008335793683;114.5455618668313;132.37359118126568;391.4248995497968;46.68262355428469;223.09937812914225;207.92105968403024;30.80449612151197;146.76810754059105;84.95771391146532;336.0424585568549;161.95833500281967;137.9947172479291;218.5225940744708;103.17911261810984;77.26366132002921;142.2160277618215;53.59875696635612;227.10758245836325;368.21507584221;153.98683639742825
15;683.4067250888016;684.7478558511629;158.8116510866813;629.5503257243105;590.3315667005563;541.8271100895862;549.4494269629133;675.5126828081791;510.8924504174674;219.08972122997324;157.10634174819407;151.18657097482497;143.0462567125349;97.51734604327892;0.0;77.63001574444758;187.0313218068408;84.85010788842936;194.05222475465223;99.25732951381607;571.7876789170014;506.3864773342526;51.228447168729325;74.33227930515021;591.0451996425119;548.3561744490413;574.8295896159683;913.6406143468132;556.2602961383463;530.782280365959;920.5674454465022;358.8104957727122;139.01006782147147;166.66720553067853;150.1871250528529;292.00559520333564;638.4432619067196;195.4986079879312;68.08371371086079;68.43759877027456;225.7055957060715;45.47607678585279;90.62960048805483;23.36074050183592;204.74983583571407;157.54766483147984;16.981000033679074;659.9362273721288;585.2255193692171;70.9950496286913;31.352148346215607;107.51388007313302;267.2504666266609;144.15513006335064;143.71552679634695;170.8542059091221;70.0729575930723;78.762196917078;300.9241119526314;76.21077847684673;201.9563397920465;133.44790310519318;111.10744658383604;112.68784073879932;14.80599504102767;244.75870039137047;122.75901772578015;73.46072738304703;193.9329295191692;13.68467953673644;157.7570093216224;113.68943794129144;70.68602802181111;150.5862002859353;280.6642730394405;114.44387922339644
16;760.291500623095;761.6235330833537;235.971263727224;693.8515955953181;635.9461517930811;589.337969499022;625.522271301147;750.0206436431224;548.6986638932807;158.2195640271528;97.275564895324;186.82251533052056;166.27442910634912;144.8479613589365;77.63001574444758;0.0;118.6633626939642;11.863336922273392;129.15574693091622;22.4509684927161;639.9072867811445;578.2104996541241;79.41732516362255;70.45245679358521;658.2353395388616;618.878906059093;643.5664300087036;969.5334034381796;625.6397011888631;570.0050758477589;977.37146099954;377.3864236261237;74.95210797636823;102.1014100977874;81.96936292455217;241.1529076821947;674.0970709755945;218.36408852680472;57.303518316157714;45.20360774232745;296.59690947200784;71.28259831130742;156.05221858801914;97.94540890670446;240.2780510572365;204.1409492205888;85.64342174105815;693.0527733487046;618.3671613410746;117.99327417872291;66.47047798190373;42.87203523413756;215.9575871611812;218.49611338439345;163.17163094179006;244.931839194304;34.682460933334546;19.51372972620477;250.7451251284245;102.1410631114525;276.0757480452692;63.09253944680327;141.8418699394311;187.7069098609985;89.57524237260373;197.1987421246045;195.871442786372;142.92651030450315;267.48271737301127;88.28915468097752;174.0919001868332;189.6649320380047;140.88433999890907;82.26080877455584;225.3716944114504;188.0611184750769
17;866.307570680179;867.6773669809451;343.175070251772;812.2763437904612;751.2112226737331;705.44636973825;734.4778240144667;862.033535214487;660.7990163066371;46.49685640400393;37.27463064437108;302.904782803514;279.3540918082675;263.436219346021;187.0313218068408;118.6633626939642;0.0;119.6820630148867;16.065853522335036;97.63468190366116;757.2754998641458;693.3408995604099;198.05488525796503;185.29935827844469;775.9565390754318;734.9830780305317;760.6678212484933;1087.5855771946342;742.4166128648135;682.6869599936073;1095.594788434884;480.2003985130289;48.32082420522072;22.885057822604747;37.15722781670603;135.29707855041127;784.3328817464221;328.76030052073844;173.0954133511819;160.77428769784;412.2121558952165;156.70654473775153;273.15164607354257;201.1599599768225;355.0309038997892;322.13997223850333;188.02840652194672;801.6763407141337;727.4475952345464;236.65298412409987;162.6587595059547;79.78089022592579;111.80430119078228;308.8404626118122;275.0258433377571;333.1111873215531;150.09873926093329;132.06079526707708;145.07452319462945;219.67292369702184;362.818288961964;55.59324136289004;258.2861310888318;281.66326412273264;201.21263075756409;101.9098737842856;285.22927353192216;232.76679638475684;353.2034728014108;193.4436377660261;283.90723048820286;285.8565239726165;256.0822966103846;36.80169344887974;114.90332509811294;279.04808464459205
18;765.6695293655935;766.9928494628471;241.9307919753218;694.3368581038112;632.5714202006717;586.3542200283396;630.3139413892808;753.8962116370938;544.1420982614928;161.16621509544882;101.64790794519212;183.62982957879623;161.5939288699062;144.33458541099506;84.85010788842936;11.863336922273392;119.6820630148867;0.0;131.27488933447256;22.227785325695745;641.4909311186725;581.0540155049989;79.4831546420239;66.129808151089;659.533693956268;621.2374220964491;645.3341926718791;967.9042784510854;627.6204968732268;565.642321277357;975.9341724263434;370.4931710935901;78.78643663489237;104.87524681801656;83.936331580015;245.77415939881868;669.0571256291895;212.91699607914265;53.54269061863029;41.18410019990609;299.5500051321932;82.48843537232354;158.59769818979288;106.20353180045996;236.4674841670728;202.4794160296341;94.35554639590266;687.6149140372835;613.0095111227055;118.29099149141244;76.75307426551839;48.61053853153259;220.6554424720333;227.3962237984347;158.01717885296128;253.94259491913763;30.449981726277283;12.506367695565867;255.44722744737047;99.99452774717386;285.1095512899962;64.83022113737083;138.8163904860665;196.3524019452072;95.73272561665256;202.78633396270496;205.03307386452656;152.50668653316586;276.65948310405173;96.3490423832029;168.31622146110558;197.9785419250543;144.747593693398;84.17185258124613;229.13116105381687;197.086249830344
19;870.0692753846939;871.4483982721518;348.25372625431424;821.4920050742978;763.6805537694946;717.6071962230947;739.192973735044;867.652478303842;674.0660000301917;31.24640636768516;38.12402504412531;314.89332666294274;292.0778480417064;273.91725023104954;194.05222475465223;129.15574693091622;16.065853522335036;131.27488933447256;0.0;109.05636940462828;765.4624552690466;700.313119973768;208.4679744901536;197.30773617556065;784.4106773662432;742.4083930586609;768.6686970061639;1098.6842765831752;750.2194512920056;695.834766334719;1106.52433609874;494.7025099439739;55.48398521508112;27.54961872541345;47.35669714547346;119.89010170007693;797.9966347203986;342.0801491438632;184.8170782818548;172.45698143333095;419.7240571442273;160.91236568051866;281.73507912533177;206.7477143359248;367.4783925108633;333.24886046324525;193.7361586361289;815.6110396148496;741.2886597663463;246.77993517672536;168.12136033715453;88.29943877105472;96.09531230853364;310.72580452192943;287.97590492877094;334.4127562549761;161.70851563743508;143.759678995025;129.68895773581528;230.9835765383012;363.6542014198488;66.45723258478635;270.0893936430374;284.4547861602984;208.50558273455312;85.84890731884815;287.17771397704394;235.5085725807094;353.9292272398156;199.53025533674824;297.2208272260272;289.013535203191;263.9285874070595;47.10972778541989;100.14670440066354;281.34485790187364
20;782.4027806038488;783.7379131899037;257.93715095274285;715.6019082436414;654.7902336048725;608.58160650513;647.816629693065;772.4554702279344;566.1795167195395;138.9553858231136;79.8874110300112;205.8568003033108;183.6776032084068;165.97055262753744;99.25732951381607;22.4509684927161;97.63468190366116;22.227785325695745;109.05636940462828;0.0;662.0737350263424;600.6290912902087;100.76463339103545;88.34422385445713;680.3112045426822;641.2299323893161;665.7853437157898;989.9787108063372;647.912150789946;587.7256332800696;997.9637788069356;391.40032286857866;56.90874504676301;82.67095944357418;61.71143814907041;223.90627766350084;690.9364704457938;234.7356706147932;75.76270653884296;63.40166179700496;319.0167814943658;86.69671076888147;178.38968843165034;118.63999414745425;258.66697994550015;224.5139454865165;105.96343220959848;709.3331360413155;634.7685908581371;139.5307069604883;84.66652998992579;28.95154972370296;198.832852021255;237.99235175514684;179.97895977998724;264.22100652732206;52.65251585805168;34.72920403183139;233.6055212064779;122.07648658660466;295.2829092622493;42.60499837512055;161.0332356030677;207.6075561734788;111.65629693070784;181.4333792786436;215.0419023731272;161.6207730949366;286.48458673958345;109.23311904464344;190.0379023932036;209.95008043088868;163.33503608713872;61.94938401782032;207.01798732401585;207.453914735612
21;264.2364991149806;264.53116477668937;429.77641445548977;81.80856409928406;267.3111174184105;242.53428829049253;178.6632822019186;177.1355886048443;322.9261817137122;790.8502830650333;728.8733340861163;476.2811214203116;507.1540665205982;499.1153558407786;571.7876789170014;639.9072867811445;757.2754998641458;641.4909311186725;765.4624552690466;662.0737350263424;0.0;89.82984115745519;562.1865856499052;582.1478101215345;24.05250746745332;46.57365455173753;10.749497659791336;391.308798954742;25.65725781184033;313.16735877733595;391.7245227851272;448.34663417404334;710.062064625506;737.9449621825086;720.1187045157016;859.1537624328404;371.8176637581072;480.3100434084978;591.7257392833633;603.0598156766052;346.4892801665709;609.9087094783052;484.16202170024513;561.9645367833567;440.1969349770793;448.4495832556304;574.3126979477569;402.5295590910819;373.5302910402967;523.5328644583983;599.8039427494361;677.6061835746151;835.3244599425316;494.383129846952;514.3965993931985;484.0263463070289;612.77300203387;630.1382381126284;867.3667861734494;545.6757337997507;470.8755285575235;702.0794400821702;513.894687381811;506.43578932729264;557.1629986469117;811.3268011139492;512.350761195309;548.9229599151257;479.1285029898902;567.7945984849495;514.0173948966846;499.27489271505925;501.5430720300433;720.4772261420198;850.5103977671744;513.6418724939754
22;237.90739043069792;238.6704089390145;356.65816292680773;171.23956036681193;322.557514547805;286.8482680052198;115.2820673348324;182.44280267448;353.63198688355976;724.1242323384565;662.9384051370689;428.25857728493406;459.7173497795664;442.84869986466674;506.3864773342526;578.2104996541241;693.3408995604099;581.0540155049989;700.313119973768;600.6290912902087;89.82984115745519;0.0;502.9231182257943;525.5340273237172;113.86324474034208;47.59670292360961;85.98900961110134;481.06778550224647;64.90596792153057;349.4766323290069;481.2628861134305;440.069758648195;645.3965420739985;673.012618511148;656.3490254003243;788.106320447302;426.64449672142695;440.92669359736;533.8965755731433;544.5540154579226;281.61359706164154;541.6149919093273;422.4564188785298;494.230038716581;400.0400492436352;398.3677632055121;507.0117418348055;458.1896996592823;417.2006869543707;465.0697116846096;532.6880713334053;613.621979649391;764.8952206435899;416.3138677955924;467.3516421189522;403.6796560203151;553.654056331013;570.3484127572381;795.9465827308679;489.4176305233149;388.1363911294249;638.9784722108171;461.49137387784873;431.2736609826207;492.1292053211932;740.4018304264104;435.7035901043004;476.0578624023738;396.822336834838;500.93613968303066;469.2405380339656;424.5146896482569;437.6617522535545;656.7349267543609;781.0434844440971;437.843921584784
23;693.0552143863246;694.3489796636967;174.6824901266323;614.8962938247334;558.8767831575603;511.6537123633601;556.1383320587679;677.3922606045569;474.4160189172747;237.0762747186684;175.30461253770804;111.10629015022435;96.56894398107924;65.45055507370607;51.228447168729325;79.41732516362255;198.05488525796503;79.4831546420239;208.4679744901536;100.76463339103545;562.1865856499052;502.9231182257943;0.0;29.886586087004986;580.1169703109557;542.5139429030822;566.1294283867667;890.3568200322651;548.5633938041661;495.1665600761216;898.1009085446706;313.1437525519176;153.70361983423942;181.2452436226644;161.37265432490872;317.7392741609345;600.9870863558219;149.98183071711648;32.42657132590977;41.78747961572544;222.01619688895843;90.18385159261446;81.44958291240404;70.87385266660395;165.4570244712201;125.37336539447456;68.14803391932698;621.1879905003112;546.3765832160673;38.81084221392968;75.51231614128865;120.88402729592718;292.5425068607404;180.1939515969954;95.90018418385296;206.42820450998792;50.76624358698156;67.95265776813608;327.148583727042;27.400271638057244;236.63031594886576;142.50607087659716;66.98327880963151;148.95088120518625;47.6501551531038;272.2242827772241;161.67125831907663;119.10433531271022;229.75031062964385;63.356066679777605;109.32934039706949;147.67350148666566;72.27193829325907;161.66854749807572;303.26010551346627;153.043780235173
24;719.5738966214316;720.8538277088845;203.7302313171235;632.3800034473323;566.446230754206;520.3039227237299;581.9999572912163;701.5817140537018;478.3411211461;227.2956805870309;167.37583303716127;117.62479634481696;95.8341380915101;83.09271868643306;74.33227930515021;70.45245679358521;185.29935827844469;66.129808151089;197.30773617556065;88.34422385445713;582.1478101215345;525.5340273237172;29.886586087004986;0.0;599.4431664325389;564.1004491759527;586.4720765340185;902.6689606179688;569.3748145347196;499.7297628399187;910.8900772049158;308.33318285295445;144.69616911118493;171.0050441007149;150.01236629956378;311.4516181789211;603.6459979448101;148.03458336866797;13.287298408071043;25.27319765654757;246.1039691785762;104.71984238299947;107.58191279516674;96.43736005059512;170.3450587328544;137.9113035803904;91.00824341930776;622.6382335683879;547.9384898773479;61.291671785984;91.27784073641254;113.26759735743184;286.27758734423395;209.7014867180984;92.774160962663;236.0361459888529;35.9764767715905;53.62362747874352;321.0750213068911;36.4736408781774;266.3525490485112;130.91508479092727;73.03034989678763;178.33193484839674;74.63901455114248;267.64783887652044;190.72131977302976;146.10570409560395;259.3692677314493;87.70716905604283;104.07395362922232;177.2844182716715;101.08064174130256;150.23752149334192;295.17919194491054;182.109855502772
25;274.92664425426966;275.105295256347;450.9054301431766;58.31237406590834;256.8489182953656;236.16638985927352;198.5622663539976;182.286829725819;319.59577420475784;810.131763213103;748.036207304684;491.95594279814645;522.5827310230874;516.5452127254033;591.0451996425119;658.2353395388616;775.9565390754318;659.533693956268;784.4106773662432;680.3112045426822;24.05250746745332;113.86324474034208;580.1169703109557;599.4431664325389;0.0;69.6406718924925;29.73970668923886;367.2563004040693;49.32882097601546;308.2580003614039;367.6973336376516;454.6078358403231;728.9607027074878;756.8724924717127;738.8037367513912;879.3595355342018;360.4909355356151;493.9926029510136;609.2737871803479;620.7370917780474;366.27242063433766;629.7348655274467;502.8135208711473;581.7415444254761;454.2488902038087;464.6960947469397;593.9767130056824;390.7394931592443;365.74026117854766;541.3779581379746;619.3888993706786;696.3921188613006;855.4065859881755;516.3845713420425;529.7110058802831;506.480942466456;630.5695058139684;648.0544836444487;887.6514012765695;562.9767801264463;493.7925117861941;720.6354290381184;530.4225909017836;527.843056975794;576.3670139909341;831.5362919477692;534.0491486413872;569.8026758857972;501.95870089392497;587.3738836691402;528.8132914009525;520.6109749471667;520.6152681461377;739.1556536315262;870.3655141699337;535.1680270923903
26;234.08970384306696;234.58661024213592;401.1172028546533;127.94501669455325;303.6981128332242;273.8739395982388;134.52394510808583;159.97332433683226;348.75633939266794;766.8063967079617;705.2872798234089;462.9405931335161;494.24685458074754;481.08440765110765;548.3561744490413;618.878906059093;734.9830780305317;621.2374220964491;742.4083930586609;641.2299323893161;46.57365455173753;47.59670292360961;542.5139429030822;564.1004491759527;69.6406718924925;0.0;40.20978993306805;435.3190378977711;21.23000913372429;341.50776002165526;435.039555751097;456.0699447210531;687.2644692608709;715.0048807570878;697.8951557446572;832.3045672693609;408.5806706220921;471.80424775295705;572.9704576794375;583.9178721656122;322.7718341330596;584.6854487762897;462.84046492119097;537.0382442024014;431.09804410414665;433.8369947162994;549.6812524014232;439.7430007289204;405.5456555071504;504.25899748352407;575.3250916676417;655.2032135604329;808.8780093189063;462.3928315580716;501.7334423287514;450.3421802120722;593.2771428250946;610.2625773748799;840.2697939462582;527.7639830093046;435.3092045648818;680.2558736845508;498.16131295166304;476.5110407837874;533.9387824270584;784.5349443591053;481.3949903661016;520.6144986465277;443.9156957034601;543.435750848148;502.6321857559464;469.6180374289807;478.9304226337717;698.2712196399862;824.7128782391331;483.2839475239522
27;253.497435180776;253.7896345174428;431.3479917008867;87.97780712356138;277.99363545237;253.26468604830507;169.6546155446375;166.679612944789;333.4659042026157;793.8137187855175;731.9359242965065;481.5546828214589;512.5379429024522;503.3957860048147;574.8295896159683;643.5664300087036;760.6678212484933;645.3341926718791;768.6686970061639;665.7853437157898;10.749497659791336;85.98900961110134;566.1294283867667;586.4720765340185;29.73970668923886;40.20978993306805;0.0;395.40088089313866;21.24009115910001;323.8240653723503;395.36451245646384;457.1712806313748;713.3158869518954;741.1718680665347;723.5170238360978;861.3948547213868;382.461899785096;486.540023349861;595.8942680193493;607.1450701295122;349.2777111845328;612.5102966565292;487.669270249329;564.6215202585367;446.28325181452414;453.4360738356287;577.0515807413199;413.1427760931761;384.2783533189886;527.5461896788411;602.5935005104797;680.9465892742595;837.6694763465313;495.022506499329;519.8348769243726;484.12784839707234;616.7809680740766;634.0653550882757;869.5419953756517;550.011389553603;470.34410132525966;705.5695464448728;518.6900716287087;507.6972855654708;560.2493862475978;813.5732892791829;513.3122690445542;550.6658988858982;478.72190426007273;570.6001542387207;519.7123933905953;500.6098218098092;504.74890592941296;723.8799496615733;853.0318840514914;514.7808580282309
28;554.4897035640407;553.7860481559073;794.3629120532711;311.17725175915103;354.67631195447444;390.8837873336692;545.730182798581;453.12630955207095;461.4879525634123;1127.4099004912778;1065.4183455937496;785.6381907730364;811.8683226626116;824.9874831878379;913.6406143468132;969.5334034381796;1087.5855771946342;967.9042784510854;1098.6842765831752;989.9787108063372;391.308798954742;481.06778550224647;890.3568200322651;902.6689606179688;367.2563004040693;435.3190378977711;395.40088089313866;0.0;416.234306611156;438.1240977502039;17.73541942611624;660.6198329754161;1044.0551614339954;1071.5748204587403;1051.4148038186297;1205.4224125982803;383.14872485080593;768.782992217803;914.577995068312;926.8620249566136;702.165205872764;956.7224069125532;823.0479901958518;909.5552321256096;736.0208205919789;765.4767090936431;920.3676429973942;391.6078402611148;435.1040111608153;852.4845335552338;944.3047191717908;1011.1933047416828;1180.491719928549;865.901965649786;817.4290084460996;860.0702422987948;937.5038885944994;955.5479228205326;1214.4545535579516;867.9131556605375;851.4697352954511;1032.3897790338704;829.673843783742;871.9207471333799;898.9249064903057;1158.3707827916728;880.5997040118729;908.221627670682;858.820309241778;913.149995326888;811.590775184658;864.2050688298276;843.926847152662;1051.6883518572245;1192.7454037548648;880.1631032847562
29;249.15789478087964;249.5680996087571;411.54559893399073;107.42265281385988;285.22061064366625;257.1654592841222;155.18826195256622;168.86011811222775;334.29596887706987;775.1146913321976;713.3470191563176;465.8619655455572;496.9950790336196;486.28265370941386;556.2602961383463;625.6397011888631;742.4166128648135;627.6204968732268;750.2194512920056;647.912150789946;25.65725781184033;64.90596792153057;548.5633938041661;569.3748145347196;49.32882097601546;21.23000913372429;21.24009115910001;416.234306611156;0.0;326.05523946981714;416.3588113912847;449.3453405186266;694.9275912742035;722.7494926701265;705.2801700465501;842.0285061422063;390.0605544846309;472.4525820516324;578.5944058426425;589.7369832111291;330.57576242053324;593.5039712470698;469.6326783735879;545.6801946879768;431.9730275323029;437.3322942755107;558.1837681994666;421.0808150790347;388.76411144345775;510.0835822935024;583.766687215277;662.657616643958;818.3941757711934;474.5995461563629;504.37304009850425;463.4351225320781;599.2744166904096;616.4550787665842;850.1199435869521;532.9453490182644;449.4021045921813;687.4368281063724;502.2649892111162;487.652654508412;541.7303961685767;794.2173088816546;493.0737026081293;530.9545474214657;457.8225235939826;551.798267027143;504.6671593777572;480.6167847652581;486.3762046337556;705.6477681424414;833.9092860841682;494.6538255745669
